1	1936311911	5.975932
2	330629295	4.806700
3	1413821143	3.985194
4	1189346290	3.767985
5	128662916	3.529808
6	1914181605	2.147485
7	1663982198	1.675749
8	1698062541	1.327404
9	1223871898	1.313032
10	1520654385	0.000000
11	386227493	1.029385
12	731977384	1.002006
13	959597909	0.977403
14	290763931	0.000000
15	1098154510	0.849972
16	2015609567	0.843671
17	1589712528	0.814241
18	1744625985	0.792463
19	1753349826	0.784086
20	1771315990	0.765175
21	710686863	0.697723
22	79974164	0.687086
23	1413263154	0.000000
24	1557862636	0.000000
25	1140726274	0.628644
26	984283899	0.585003
27	422499845	0.563505
28	1803797499	0.560683
29	1639897205	0.559531
30	1151534711	0.541494
31	1794139736	0.538241
32	1275991119	0.529474
33	16248581	0.521516
34	449142295	0.521041
35	791999542	0.498918
36	1117501624	0.494958
37	1474419937	0.465376
38	983270628	0.462688
39	983928044	0.000000
40	1668893534	0.449371
41	610562107	0.000000
42	603349487	0.000000
43	223554390	0.412810
44	1001328667	0.411142
45	1357106483	0.407832
46	1544898376	0.392157
47	421687227	0.390527
48	176317510	0.381643
49	471523595	0.000000
50	704127871	0.000000
51	320578808	0.357233
52	397489483	0.000000
53	533187944	0.353901
54	876432761	0.345536
55	2001625020	0.338777
56	91016186	0.334745
57	723617452	0.333017
58	1571480918	0.331070
59	1941270718	0.000000
60	748944325	0.311134
61	1347185610	0.000000
62	1629163294	0.000000
63	1226125903	0.000000
64	1454472451	0.298271
65	1294700536	0.293830
66	1213475210	0.292425
67	709096806	0.291109
68	1151866894	0.000000
69	1896653908	0.277112
70	1691494580	0.000000
71	115687945	0.266006
72	844155964	0.000000
73	763331747	0.260292
74	1198970029	0.255611
75	333696290	0.254053
76	164576182	0.246653
77	1820664608	0.245387
78	67613435	0.243259
79	1190400780	0.241572
80	1014580704	0.240892
81	319748802	0.240692
82	1221367847	0.237769
83	475836263	0.000000
84	886690580	0.235522
85	224370953	0.230691
86	100050960	0.000000
87	1262616172	0.224384
88	92781380	0.000000
89	602302793	0.223755
90	1775901392	0.000000
91	2118942314	0.215299
92	1219700049	0.000000
93	1808116860	0.203945
94	1869008389	0.203636
95	297511118	0.202400
96	437666661	0.199974
97	183972059	0.000000
98	1398727401	0.197290
99	1294816672	0.192012
100	1425704400	0.188513
101	722979368	0.187516
102	1738243482	0.000000
103	1971824857	0.182444
104	1973784475	0.181275
105	696279615	0.180625
106	1518543292	0.179902
107	1498893961	0.173630
108	1397927469	0.170467
109	327117434	0.166352
110	242883561	0.166268
111	244970356	0.164299
112	1149452164	0.163733
113	1726282786	0.000000
114	1661690330	0.000000
115	2084805969	0.000000
116	976185780	0.160322
117	371699711	0.000000
118	520596627	0.000000
119	873557432	0.157447
120	1341099309	0.157254
121	1672926345	0.156537
122	456670923	0.156186
123	664304860	0.153154
124	334326035	0.000000
125	670942907	0.152569
126	1644688667	0.000000
127	1513027209	0.148286
128	536134038	0.145768
129	897406315	0.143207
130	1867626132	0.142447
131	1167583539	0.142015
132	223970644	0.141771
133	1714771788	0.141087
134	708297394	0.140428
135	1640958155	0.140237
136	1585497033	0.000000
137	634911890	0.138739
138	426432332	0.138193
139	1714171155	0.000000
140	9140556	0.137404
141	728082910	0.136556
142	453062376	0.135845
143	1555706407	0.000000
144	16660847	0.135065
145	366553801	0.134229
146	298892543	0.133986
147	1636237845	0.133909
148	1637739652	0.133078
149	2123170711	0.131081
150	1503301171	0.000000
151	817255618	0.130929
152	986598257	0.129786
153	1984931701	0.129426
154	10191126	0.000000
155	43914367	0.129121
156	1738261502	0.128403
157	1930883649	0.128126
158	1120776578	0.000000
159	1787591929	0.124366
160	1017404359	0.000000
161	307039230	0.124283
162	202631566	0.124046
163	15748353	0.123729
164	815297776	0.000000
165	391860377	0.123134
166	1730900321	0.122559
167	788307702	0.122247
168	1106401348	0.121297
169	246136731	0.120211
170	704538411	0.120098
171	153685275	0.119260
172	382025341	0.119121
173	757997966	0.118256
174	1178205521	0.000000
175	529189219	0.115447
176	215914352	0.114849
177	723159382	0.114260
178	117512993	0.113285
179	1946298355	0.112734
180	1532902890	0.112264
181	1831677981	0.112139
182	894146770	0.111631
183	782903967	0.111336
184	1025690772	0.111248
185	554829892	0.110878
186	551939859	0.110779
187	575937849	0.110399
188	2004791900	0.110384
189	300264676	0.000000
190	1277454059	0.108215
191	1474397893	0.108126
192	1751841708	0.107987
193	105273587	0.107937
194	237382471	0.000000
195	1293168115	0.107718
196	993684511	0.107357
197	1423289152	0.105833
198	151499078	0.105277
199	1939740359	0.000000
200	81463313	0.104871
201	1492508064	0.104690
202	1538601293	0.103281
203	571318275	0.000000
204	849524979	0.101366
205	1450739611	0.100992
206	1672711979	0.100254
207	1743787386	0.000000
208	1402792946	0.099228
209	1526376205	0.099037
210	608849704	0.098810
211	1576911440	0.098198
212	1523951095	0.097757
213	1208245278	0.097411
214	1705752813	0.097361
215	590504753	0.097068
216	1534512718	0.096390
217	1303802229	0.095392
218	1898474273	0.000000
219	936322350	0.095064
220	1658648960	0.094738
221	1340483684	0.094205
222	1330277662	0.000000
223	527662289	0.093146
224	1065621174	0.093049
225	2064462170	0.092508
226	890423652	0.092219
227	620577701	0.091914
228	1379786421	0.091012
229	738043978	0.000000
230	1792783164	0.000000
231	313890760	0.089884
232	606982016	0.000000
233	44638111	0.089552
234	1908949782	0.089266
235	1253192961	0.089191
236	1577552552	0.088982
237	1506604575	0.088699
238	490428245	0.088234
239	1848635630	0.088141
240	2125921760	0.000000
241	125853470	0.087794
242	479639581	0.087317
243	1181174255	0.000000
244	572038977	0.086777
245	37205080	0.086244
246	1877343070	0.000000
247	368986612	0.085750
248	764823627	0.085719
249	886762008	0.085695
250	1840156508	0.085391
251	2044246459	0.085230
252	1918287899	0.085200
253	747270538	0.085109
254	1790747765	0.085072
255	964672238	0.084992
256	362343166	0.084677
257	2018079701	0.084182
258	1643471899	0.000000
259	1863902037	0.000000
260	450981797	0.083932
261	1997645826	0.083895
262	1004653901	0.000000
263	1972084601	0.000000
264	1586177162	0.083683
265	2094519704	0.083604
266	988028303	0.083571
267	1798648775	0.083436
268	1585047644	0.083341
269	556365167	0.083191
270	551962793	0.083084
271	1905685224	0.082947
272	785392279	0.082764
273	1756080376	0.000000
274	1362019979	0.082461
275	1631820549	0.082224
276	364952708	0.082116
277	1628203449	0.082085
278	1702693965	0.081987
279	49538713	0.081986
280	858578236	0.000000
281	278714246	0.081631
282	1721578593	0.081515
283	1405608143	0.081281
284	462911587	0.000000
285	1803705117	0.081049
286	30408807	0.080896
287	1442593562	0.080819
288	1618401254	0.080362
289	1615845887	0.080135
290	574165747	0.080135
291	1781566925	0.079910
292	844011797	0.079885
293	1553846772	0.079564
294	1218613551	0.079243
295	409100338	0.078620
296	913954871	0.078158
297	1080637262	0.077620
298	2086904651	0.077543
299	1192470	0.077522
300	1513176166	0.000000
301	558444787	0.077334
302	1872040765	0.077313
303	1417152652	0.077306
304	2099117872	0.076897
305	2118219977	0.076691
306	1090396459	0.000000
307	297725867	0.076283
308	946597675	0.076245
309	82435394	0.075813
310	1452627147	0.075481
311	1935012515	0.075388
312	1141557262	0.000000
313	2076559697	0.074891
314	1086113004	0.074813
315	1439695146	0.074520
316	1349698319	0.074318
317	1817468066	0.000000
318	230877873	0.073741
319	94006777	0.073646
320	2025151177	0.073553
321	1510084720	0.073448
322	1432633387	0.073366
323	866858306	0.073180
324	807257999	0.000000
325	727879132	0.072995
326	1440899165	0.072958
327	89882063	0.000000
328	1819499228	0.072628
329	1947299913	0.000000
330	221612368	0.072571
331	472217003	0.000000
332	1981085523	0.072446
333	951340437	0.072424
334	518246893	0.072375
335	790202195	0.071906
336	731679969	0.071882
337	1398821380	0.000000
338	828413661	0.071740
339	1930771234	0.071728
340	1645598156	0.071551
341	278579747	0.071375
342	282165861	0.071199
343	434223355	0.071025
344	820921645	0.070852
345	1954762392	0.070679
346	111535334	0.070337
347	1400552225	0.070167
348	1024367130	0.070163
349	5089380	0.069998
350	737114918	0.069830
351	1777267261	0.069801
352	812000200	0.069796
353	289676588	0.069783
354	588835331	0.069497
355	1955097690	0.069332
356	1806800391	0.069167
357	1701576255	0.000000
358	1016093305	0.069003
359	819175784	0.000000
360	1738524220	0.068932
361	411507483	0.068678
362	1946915279	0.068517
363	486572581	0.068496
364	1380823059	0.068358
365	666352046	0.068357
366	2070169363	0.068351
367	1381287959	0.068197
368	1958343824	0.068038
369	1487129895	0.067810
370	384014139	0.067761
371	687399444	0.067723
372	1081755282	0.067411
373	308753151	0.067256
374	1653525369	0.000000
375	1913665794	0.067102
376	1828542021	0.067036
377	1589944355	0.066992
378	1282778936	0.066796
379	460615049	0.066644
380	1302597709	0.066493
381	1698315743	0.066300
382	1862446194	0.066044
383	788329076	0.065858
384	2042822557	0.065808
385	639368799	0.065749
386	824531368	0.065602
387	2051840711	0.065525
388	1439848567	0.065456
389	129699222	0.065311
390	779599547	0.065022
391	1314682034	0.064753
392	758636684	0.064736
393	1979310878	0.064735
394	1018964853	0.064453
395	1320618181	0.064382
396	452519088	0.064089
397	454180310	0.064032
398	840131970	0.063757
399	1300328666	0.063483
400	1390392944	0.063396
401	1205659090	0.063347
402	695953392	0.063146
403	1361329057	0.063128
404	177529569	0.063077
405	670007974	0.063063
406	1034288151	0.062942
407	51436404	0.062809
408	1404121382	0.062726
409	990696781	0.062412
410	1687844803	0.062192
411	776618318	0.000000
412	902176987	0.062167
413	1274095971	0.062114
414	1609741267	0.062020
415	1319378473	0.061891
416	1667082672	0.061762
417	1775808045	0.061689
418	2080031176	0.061634
419	1531752320	0.061589
420	1821447119	0.061506
421	1138647063	0.061379
422	706417490	0.061253
423	1529121036	0.061002
424	217564897	0.060753
425	1384722314	0.060629
426	1909294321	0.060580
427	63707699	0.060506
428	376397101	0.060383
429	1339265276	0.060183
430	1736839517	0.060138
431	2076421019	0.060019
432	393692301	0.059990
433	1701446004	0.059898
434	1193920635	0.059778
435	2126226001	0.059701
436	57332992	0.059659
437	1598777531	0.059540
438	1141390250	0.000000
439	1505742055	0.059421
440	323045512	0.059350
441	1028729016	0.059303
442	1309268129	0.059263
443	919621175	0.059186
444	1731803940	0.059098
445	2080960212	0.059069
446	281088298	0.058953
447	1718256095	0.058837
448	293252298	0.058836
449	617818501	0.058721
450	947117315	0.058678
451	1332692013	0.058606
452	1404545408	0.058490
453	1043283816	0.058378
454	1311600173	0.058264
455	585679596	0.058151
456	1861128938	0.000000
457	1097612612	0.058039
458	839448671	0.058006
459	887265716	0.057927
460	1474308847	0.057815
461	1768615831	0.057704
462	1793442430	0.057688
463	1685205627	0.000000
464	2116853306	0.057593
465	985700827	0.057483
466	1164757137	0.057373
467	1366904673	0.057264
468	475506055	0.057155
469	394707350	0.000000
470	2058199552	0.057078
471	1713430315	0.057047
472	1491357053	0.000000
473	2006099174	0.056939
474	826409107	0.056831
475	954255794	0.056753
476	89470832	0.056724
477	115483654	0.056642
478	1366542974	0.056618
479	1844138988	0.000000
480	538248967	0.056511
481	173505949	0.000000
482	891808644	0.056406
483	611190710	0.056402
484	959103808	0.056339
485	489899936	0.056300
486	26237165	0.055987
487	23878651	0.055883
488	987659933	0.055858
489	2000958971	0.055780
490	1824449463	0.055677
491	730934764	0.055415
492	1855603726	0.055371
493	380540932	0.055276
494	991239745	0.055270
495	600014470	0.055183
496	144858628	0.055169
497	527344086	0.054968
498	760041539	0.054869
499	1868160639	0.054769
500	1644052837	0.054732
501	1732923304	0.054671
502	1221839823	0.054632
503	1361383502	0.054591
504	1722103696	0.054572
505	1786440744	0.054520
506	1147615170	0.000000
507	1110176168	0.054511
508	148975025	0.054474
509	1398695970	0.054376
510	1326090909	0.054279
511	167699577	0.054182
512	210787557	0.054129
513	2039018679	0.054085
514	2067926996	0.053989
515	1296208382	0.053798
516	2042339228	0.053772
517	1725539017	0.053703
518	1498029267	0.053514
519	491736121	0.053420
520	248848215	0.053326
521	1082613012	0.000000
522	1271153997	0.053030
523	983041750	0.052955
524	817945703	0.052854
525	1399416449	0.000000
526	1129466748	0.052680
527	1445266175	0.052589
528	912587298	0.052547
529	1518933160	0.052499
530	133249584	0.052408
531	1472100031	0.000000
532	438828442	0.052371
533	412184219	0.052319
534	1201937479	0.052229
535	135168486	0.052211
536	750882181	0.052185
537	1904626594	0.052051
538	798321390	0.052043
539	1507317747	0.051962
540	1950265305	0.051874
541	678637795	0.000000
542	1718622029	0.051786
543	459170199	0.051736
544	1857609488	0.051699
545	2114113133	0.051611
546	1900965221	0.051524
547	1122535529	0.051355
548	1438066232	0.051265
549	1456716810	0.051180
550	1807565781	0.051150
551	1786372954	0.051139
552	1440297410	0.051094
553	36252062	0.051009
554	762607768	0.050840
555	1209299728	0.050804
556	1868706918	0.050756
557	976865807	0.050741
558	523273338	0.050588
559	541739102	0.050505
560	613080199	0.000000
561	1658342393	0.050422
562	483105837	0.050406
563	1898662103	0.050346
564	587319316	0.050339
565	408763026	0.050175
566	335031477	0.050099
567	315407500	0.050093
568	1623763046	0.050049
569	960323341	0.050012
570	609618428	0.049986
571	1380766782	0.000000
572	796216733	0.049930
573	1011405703	0.000000
574	1951351039	0.049850
575	362708349	0.049769
576	491399722	0.049688
577	823915318	0.049592
578	1084853506	0.049523
579	7080606	0.049370
580	919730110	0.049291
581	620398885	0.049146
582	978277559	0.049134
583	2404566	0.049055
584	1524732198	0.048978
585	2087912058	0.048822
586	239264369	0.048776
587	1441812498	0.048751
588	874389336	0.048745
589	1276060821	0.048592
590	1334271608	0.048564
591	380654834	0.048465
592	1802605286	0.048440
593	15662737	0.048413
594	837864990	0.048288
595	1988550942	0.048213
596	1783979008	0.048173
597	1105377736	0.048138
598	646998295	0.048063
599	772792084	0.047840
600	1128030899	0.047766
601	1111763810	0.047693
602	1058100062	0.047574
603	1925811059	0.047546
604	517807848	0.047474
605	1306393446	0.047446
606	2099727763	0.047401
607	558831727	0.047329
608	580612996	0.000000
609	371239353	0.047257
610	1884697342	0.047199
611	1511841857	0.047185
612	1530609601	0.047113
613	1324524221	0.047042
614	1607211761	0.046971
615	1350558668	0.000000
616	1636623785	0.046838
617	1938313840	0.046829
618	1627533600	0.046823
619	759488751	0.046787
620	1590757794	0.046618
621	1649556307	0.046548
622	318536415	0.046479
623	1069645207	0.046410
624	207532444	0.046340
625	595584515	0.046275
626	696615448	0.046272
627	245599	0.046272
628	1969214921	0.046226
629	2031226011	0.046184
630	512429960	0.046134
631	245478002	0.045998
632	1712980067	0.045863
633	24470810	0.045830
634	1121448164	0.045796
635	2034490289	0.045776
636	1290707890	0.045760
637	935657905	0.045728
638	1621733102	0.045595
639	1016181920	0.045528
640	824805451	0.045462
641	1043378978	0.045396
642	318462146	0.045264
643	895961220	0.045199
644	1669179668	0.045068
645	1792297049	0.045004
646	973744795	0.044962
647	1804100384	0.044939
648	245150444	0.044938
649	676187237	0.044892
650	1606793180	0.044874
651	342544896	0.044850
652	595060860	0.044810
653	96052127	0.044806
654	1731547528	0.044746
655	33336558	0.044619
656	1779212037	0.044611
657	1869457044	0.044575
658	1573794654	0.044555
659	464952223	0.044547
660	591277443	0.044492
661	1210644432	0.044429
662	1193217370	0.044386
663	1253499717	0.044366
664	273300861	0.044311
665	1098954980	0.044303
666	1285509100	0.044241
667	808577460	0.044178
668	351407171	0.044171
669	1436804604	0.044107
670	1382169869	0.000000
671	1549985760	0.043993
672	158182694	0.043959
673	1380707687	0.043939
674	241177794	0.043931
675	1860054570	0.043808
676	1065537595	0.000000
677	118890773	0.043783
678	1011501851	0.043747
679	1038083939	0.043687
680	751537607	0.043626
681	1182853252	0.043505
682	659939837	0.043505
683	1251291919	0.043445
684	293005565	0.043401
685	300315382	0.043385
686	541929917	0.043266
687	1381903640	0.043207
688	589664927	0.043207
689	2003412346	0.043191
690	1767915898	0.043155
691	169855759	0.043029
692	1122200140	0.042974
693	1705784612	0.042971
694	330998267	0.042912
695	1835342030	0.000000
696	630229674	0.042804
697	1231226576	0.000000
698	1454621768	0.042738
699	1130484368	0.042680
700	1946059415	0.042622
701	1192055116	0.042565
702	1067792142	0.042450
703	1959935776	0.042393
704	2058403146	0.042356
705	1865501879	0.042287
706	132612728	0.042280
707	1102362538	0.000000
708	2051689927	0.042167
709	154353149	0.042111
710	1807099530	0.042060
711	838264038	0.042055
712	1487644321	0.042044
713	2059918578	0.041999
714	74637402	0.041995
715	800708969	0.041943
716	598344744	0.041832
717	1221730749	0.041722
718	783517767	0.041667
719	241150316	0.041613
720	1097206351	0.041558
721	1102851815	0.041504
722	1522192882	0.041495
723	762678101	0.041449
724	1141492358	0.041395
725	848092139	0.041341
726	798998684	0.041324
727	937345000	0.041234
728	1317517878	0.041180
729	2114833293	0.041127
730	1205455005	0.041040
731	1239784387	0.041021
732	1351479141	0.040968
733	780278218	0.040855
734	1090511704	0.040757
735	1819794850	0.040756
736	1793200094	0.040653
737	2028597468	0.000000
738	171916359	0.000000
739	1012082135	0.040601
740	561192684	0.000000
741	1393364986	0.040557
742	1802302222	0.040498
743	201395177	0.040395
744	530652923	0.040388
745	1973925934	0.040344
746	864033036	0.040242
747	520671755	0.040202
748	1359047245	0.040191
749	1778316380	0.040141
750	2790423	0.040127
751	1710478433	0.040090
752	2025500234	0.000000
753	1525506406	0.039989
754	1395027015	0.039947
755	227397826	0.039939
756	1755345092	0.039889
757	1828806277	0.039866
758	711776203	0.039844
759	1636851884	0.039843
760	1290393267	0.039840
761	770833526	0.039740
762	1390070673	0.000000
763	664770403	0.039691
764	2087764216	0.039642
765	370576864	0.039612
766	183216566	0.039543
767	1767351736	0.039543
768	239713924	0.039495
769	820008897	0.039485
770	270727796	0.039363
771	1525187171	0.039334
772	1658280260	0.039255
773	357351884	0.039252
774	821337831	0.039204
775	2093391096	0.039156
776	462098266	0.039144
777	213161113	0.039134
778	249702513	0.039129
779	1655962021	0.039108
780	721429600	0.039060
781	29274650	0.039048
782	1211216464	0.039013
783	1463421106	0.038965
784	1858293767	0.038901
785	744558267	0.038892
786	600161482	0.038837
787	583078595	0.038830
788	474923575	0.038824
789	1071935471	0.000000
790	1871124001	0.038777
791	337071117	0.038765
792	1484970652	0.038730
793	512025576	0.038696
794	1694154535	0.038683
795	1967208620	0.038670
796	1683550837	0.038637
797	2103231135	0.038616
798	1626418003	0.038590
799	343214199	0.038544
800	898828318	0.038497
801	48820443	0.038405
802	1550246831	0.038359
803	1848531173	0.038314
804	84596071	0.038222
805	1166239385	0.038177
806	991587780	0.038132
807	1464831861	0.038086
808	1646377863	0.038061
809	1533282732	0.038041
810	146262764	0.037999
811	177834353	0.037996
812	436506291	0.037982
813	338395097	0.037952
814	1646784237	0.037907
815	96040574	0.037818
816	563619278	0.037773
817	801518621	0.000000
818	114880917	0.037738
819	756052346	0.037729
820	658969855	0.037685
821	2129519724	0.037630
822	2015151863	0.037597
823	494101328	0.037588
824	1505817462	0.037564
825	1395259838	0.037553
826	1683554794	0.037509
827	1922132338	0.037504
828	295295101	0.037466
829	40719373	0.037422
830	1786481179	0.037412
831	2022239983	0.037379
832	1008650492	0.000000
833	454429232	0.037292
834	2122280972	0.037249
835	1475351001	0.037206
836	580351511	0.037147
837	450558773	0.037121
838	2102436240	0.000000
839	1946756719	0.037078
840	1925715363	0.000000
841	27807221	0.037068
842	1753274179	0.037036
843	586051641	0.036993
844	788485881	0.036951
845	1035413167	0.036940
846	1488652488	0.036909
847	2048609565	0.036867
848	755520056	0.036825
849	1563340960	0.036786
850	301247960	0.036783
851	389341725	0.036741
852	1975176391	0.036704
853	1162645005	0.036699
854	1544777595	0.000000
855	371001566	0.036546
856	96262822	0.036453
857	1369935402	0.036451
858	1019235358	0.036438
859	1750332463	0.036395
860	888313895	0.036369
861	1401340122	0.036328
862	1387305265	0.036207
863	926716818	0.036166
864	1757611666	0.036126
865	1776936073	0.036094
866	1764567449	0.036086
867	218225206	0.000000
868	467209795	0.035999
869	7299024	0.035988
870	1957551878	0.035932
871	583241653	0.035847
872	297402505	0.000000
873	2105254886	0.035768
874	48736718	0.035728
875	971970427	0.035722
876	941430024	0.035719
877	1153978955	0.035650
878	684727156	0.035649
879	860525483	0.035572
880	2034566549	0.035565
881	1995948202	0.035533
882	294002837	0.035494
883	1061844279	0.035473
884	1081567114	0.035455
885	1594118380	0.035417
886	394843245	0.035378
887	45362327	0.035340
888	2106093351	0.035301
889	1124503726	0.000000
890	397112143	0.035225
891	1943495167	0.035187
892	432840453	0.035157
893	491141298	0.035154
894	1983237646	0.035149
895	2071167139	0.035116
896	1677585170	0.035111
897	1457457317	0.035073
898	1774308203	0.034998
899	668834094	0.034967
900	1425141254	0.034959
901	1472812106	0.034923
902	959578588	0.034848
903	1857994368	0.034818
904	1997193426	0.034811
905	1573775816	0.034792
906	252441571	0.034774
907	2026378866	0.034721
908	1144145659	0.034704
909	1080230756	0.034700
910	2072341244	0.034653
911	653408339	0.034626
912	1063387912	0.034590
913	52325350	0.034488
914	369945993	0.034480
915	761445160	0.034464
916	639094923	0.034408
917	924470322	0.034406
918	901485793	0.000000
919	1000624436	0.034299
920	1870333782	0.034283
921	627793309	0.034263
922	574322764	0.034218
923	1207294397	0.034156
924	2020478123	0.034120
925	549366591	0.034085
926	190151231	0.034049
927	758140888	0.034014
928	207836329	0.033979
929	1410861066	0.033977
930	1048007810	0.033944
931	645501649	0.033908
932	995292283	0.033873
933	152736586	0.033838
934	234961638	0.033769
935	1797205525	0.033734
936	463487781	0.033711
937	1178171590	0.033699
938	58347058	0.033665
939	1714025697	0.033630
940	1255417857	0.033596
941	699076675	0.033527
942	892841290	0.000000
943	1547102338	0.033493
944	1782683045	0.033459
945	609125873	0.033457
946	1272460845	0.033391
947	1139060291	0.000000
948	1802585640	0.033357
949	1600905898	0.000000
950	1222036426	0.033323
951	1038852066	0.033289
952	70014711	0.033278
953	35594542	0.033255
954	1481226518	0.033159
955	1083977321	0.033155
956	1831523607	0.033121
957	1139884302	0.033055
958	1812259977	0.033054
959	1918242941	0.033036
960	947356520	0.033022
961	2000050274	0.033004
962	2060419091	0.032989
963	1749324625	0.032956
964	1524002664	0.032894
965	1223236563	0.032890
966	1260591816	0.000000
967	1562850295	0.032857
968	412524471	0.032854
969	177262073	0.032845
970	41590705	0.032824
971	1687437773	0.032791
972	1542865197	0.032759
973	317584347	0.032726
974	808989991	0.032694
975	1255280897	0.032661
976	2033269617	0.032629
977	527343981	0.032565
978	1931601984	0.032535
979	737178458	0.032511
980	231799347	0.032500
981	954155281	0.032468
982	2003376246	0.032452
983	1698546903	0.032437
984	468454537	0.032405
985	721190508	0.032382
986	273163625	0.032373
987	2145671089	0.032310
988	1852904284	0.032247
989	895069868	0.032215
990	1841229975	0.032184
991	1037302965	0.032152
992	1952038665	0.032106
993	727755457	0.032106
994	2143573553	0.032106
995	1577000704	0.032106
996	2033487566	0.032106
997	726692290	0.032106
998	859991679	0.032106
999	1936791147	0.032106
1000	350800855	0.032106
